897726330193951394863856457495967009857152023-03-22T17:55:25.000937
null645369140883814115012604009864712023-11-14T08:05:21.000840
null814115012604645369140883001024062023-07-17T16:13:48.000775
null814115012604645369140883006081102023-03-30T16:39:05.000250
null814115012604645369140883003719772023-07-09T03:07:56.000953
null645369140883814115012604007069382023-11-12T04:27:05.000355
null645369140883814115012604000062082023-08-19T10:26:36.000533
null814115012604645369140883006810582023-05-30T06:18:20.000851
null814115012604645369140883009442672023-10-31T05:30:38.000946
null645369140883814115012604007163582023-04-18T12:26:44.000926
null814115012604645369140883004512142023-09-22T20:36:35.000247
null814115012604645369140883003206902023-08-08T17:49:11.000070
null645369140883814115012604009015672023-09-16T11:09:38.000139
null645369140883814115012604002801652023-07-20T02:23:55.000150
null814115012604645369140883002300612023-02-28T15:56:22.000831
null645369140883814115012604005544102023-07-16T18:34:49
null645369140883814115012604006599082023-12-31T00:52:52
null645369140883814115012604007890552023-07-15T13:43:54
null814115012604645369140883006766662023-01-12T11:38:47
